4638047255
5659030946
6090930752
5215625024
9868449454
7095146346
6165904585
7272618340
0109975616
7584265089
0522390888
6907937293
4415780425
4807270989
2113291677
8862118248
1006429357
0509201055
9237210780
8382709093
7595443828
9440514395
5651443943
8177411973
0026148146
8088156944
5733779676
4655513338
5930882147
8264619198
8661995532
5667410914
1178126121
2391717742
8980612725
6579511340
7367401384
8292368400
0180008582
8448976455
4875734937
6746163178
1242524051
5415247784
6615682743
3624655703
2934792685
7245551484
0977459488
5213831103
